9650228781
9971702126
8141153433
9560421005
9909046471
9825036624
8401695750
8460600300
9887198032
8896110816
9811373847
6378602289
7728063504
9694057923
9142806433
9970271260
8303384690
8003537822
9460086096
8005596898
9414211329
9589188719
8079012361
9413693385
9521736358
9509678201
9530169594
9610426222
9829297897
9435035167
8459172776
9610357631
9462092786
6377937020
9414338120
7014732849
7802837777
9983921611
7877449835
9810928927
6350340624
9828536339
9690946232
8770874648
8003634276
6394504538
9024556181
6261788553
6386022939
8120063066
7827171784
8118829328
7566880401
8839428714
9996188180
9875768751
9828550220
9997166455
9414715881
9898097881
9311849385
9426936365
9081517905
7424811497
8290774491
8290891542
7204070034
8895837673
8529427102
8619429019
7688914293
8102315244
9875194314
9463920396
6376454893
9694511112
7737568009
9999969992
9116112700
7014708544
9467373465
9928362249
9999757731
8278621313
9898853244
9810793477
9599503397
9289205763
9649287269
9724223612
9152613751
9828627168
9758412044
9370709404
8080970382
9454645218
9193903863
9999458999
9937235652
9354009972
8852925252
7300161335
8875593777
7387769927
9672229975
8000656336
8741003796
9057294929
6280512341
7976428015
9587380489
9414049386
7367870479
9588257331
8145876196
9413016179
7655882760
9785964429
9680060457
8619104884
8630915040
7976568655
9509875817
7742340555
8824111548
9603932397
7023098277
6395197338
9466378423
9137721251
7073467286
9413529565
6350051285
7340660858
9917409399
7976234884
7978686224
9718295900
7073941117
8607331987
9414160396
8769313227
7742660607
9549127804
7014438403
9050690309
8949780633
8290465658
9166725612
9610991599
7357139194
9813304990
9352733969
8840646405
9784139043
8104046864
9899192754
7021094388
9313587555
7568093566
9460041784
8875413372
8619660383
8946947530
7351141419
7597021873
9530342554
7278000222
8630239895
9530108452
9958261070
8559868004
9540041003
7007207618
8604127179
7737222381
9468658251
8290045520
9983338110
7014356719
8824183740
9992447272
9588032197
7900779746
9694609482
9971075004
7011091448
7619821942
6375935072
9992828894
9560822890
9871043149
9460222404
7014651256
8423965530
7426877918
9828601668
8433177323
9680537707
9461854067
7976597873
9828130567
7665681673
9041705979
6375298547
7204561174
9912170234
9166695966
8307966310
9911435637
7505153576
8387951240
7357112222
9511536844
8107966011
8708241038
9121943080
9680753547
9928700139
7037570836
9518958220
7568950508
8075820117
9587162644
9205200409
9549348350
8889877774
9660702015
9929373384
9529643827
9928732660
7073558697
9907772808
7988862274
8160665189
7696479921
7790909098
6353318966
9999594848
9825675105
8882805244
9119387931
8586843577
6350433771
9999923479
9982430964
9810228864
9914544003
8006832873
9986026129
8555893996
9911634186
7089978815
9829030088
8920066191
7015736405
9784811555
9799525365
7357543149
9351529119
7982408230
8247598351
7851952789
9509454293
9845880057
6377450674
8825304133
7568504655
9829758580
8058921000
9618389466
9632335966
8950809051
9413630761
9828576058
8740818518
7339768876
8233240407
8233307173
9079193987
9610731991
7006783675
9799000737
9758306776
7908116233
7019004316
9878334417
9975307177
9504248992
9810157539
8824649116
9098150978
7530940726
8875186101
9413118936
9998950656
6287334331
9839060931
8247792677
9792540740
7665847847
7000282205
9555115544
6376300081
9992828895
7011741998
9687271978
8168239708
9866172697
8770657727
9837746738
8168986151
9664013162
7221928547
9694579955
8588889656
9753802719
8802572297
8571034576
8958533368
9039047970
9069458783
7678668759
8949035148
9555563392
9999590025
8860082751
9054546260
9711190150
8742899620
7974167125
9694855151
8949439354
8559997844
8851508551
8878732704
7728064363
9424303003
9414513285
7073115676
8595984412
9989881925
9929734260
9871954099
9820450592
9899610690
8005656416
8112297176
9811610823
8179327753
9998876888
7976056206
9252888666
9314530642
8810664533
8800564463
7505171917
9212286647
9461027517
8375059857
9649900663
7982634060
9306020882
7725910564
9782734242
9110149372
9610550818
9413844052
9785286229
9910390349
8696588111
9782749589
9319452515
9416783041
8493057202
9928196219
9958463604
9610949406
9783926071
7400307003
9468323705
9958005150
9958081627
9311615152
8815102910
9352200058
9427651440
9999221689
9213737802
7827481163
6350656610
9928278316
7742314872
9721399222
7906383634
9413532924
7297801365
9457367943
6378718498
8980027689
9820224415
9879976188
8980805874
9909977398
9173775397
9953603886
9871715852
9714364783
7727057150
9828565146
9672807776
9939185823
6375256881
9772166819
9001339174
8004667790
7014107072
8817831563
7014891646
9887695119
9772013887
7056161764
7726967409
9587950784
9828544556
9166084951
8532948957
9556515755
7014346866
9875157100
8660899290
8058200800
9413665995
9752534000
9928874346
7976382421
7297021512
9214369892
9413228618
9829988667
9001683465
9413135123
9214355450
9414004993
7737471548
9251938871
7726092119
9929169247
9414472371
9413630428
9799101981
9799262668
9414639606
9214360105
8053967866
9414366031
9929183361
9414483335
8764136075
9782260266
9351603355
9887090471
9887999955
7665765472
9460374815
9829170218
7597617219
9828777454
9785527889
9829415415
9413304507
9024750048
9414215020
9772283119
9309047595
7891223725
8094805400
9414855650
9414621355
7665626775
9784711223
9887309114
9610869237
8058702539
8058270972
8504972021
9694754075
9413436109
8952842577
9982284312
9461868346
9461868348
9414707560
9414366934
94142231942
9413059473
9929977843
9352884883